d
ver=V1.4A
Recint=10
Mem 4000, 0, 434
Memi 4049, 0, 434
Start 4001, 149845400
Finish 4002, 149849731
MaxD 4003, 31.61
Status 4004, 3
OTU 4005, 55
Descend prob 4006, 66
Gas 4010, 79, 0, 660, 1
Gas 4011, 1, 0, 60, 1
Gas 4012, 20, 0, 100, 1
Gas 4013, 68, 0, 400, 1
Gas 4014, 64, 0, 340, 1
Gas 4015, 60, 0, 300, 1
Gas 4016, 50, 0, 220, 1
Gas 4017, 47, 0, 780, 1
Gas 4018, 36, 0, 1040, 1
Gas 4019, 29, 0, 1350, 1
Tissue 4020, 288, 0
Tissue 4021, 304, 0
Tissue 4022, 307, 0
Tissue 4023, 300, 0
Tissue 4024, 281, 0
Tissue 4025, 255, 0
Tissue 4026, 225, 0
Tissue 4027, 195, 0
Tissue 4028, 169, 0
Tissue 4029, 150, 0
Tissue 4030, 136, 0
Tissue 4031, 125, 0
Tissue 4032, 116, 0
Tissue 4033, 108, 0
Tissue 4034, 102, 0
Tissue 4035, 97, 0
Profile
0000,0280,0000
0001,0310,0000
0002,0337,0000
0003,0333,0000
0004,0331,0000
0005,0330,0000
0006,0329,0000
0007,0328,0000
0008,0328,0000
0009,0327,0000
0010,0326,0000
0011,0326,0000
0012,0326,0000
0013,0326,0000
0014,0326,0000
0015,0326,0000
0016,0325,0000
0017,0325,0000
0018,0325,0000
0019,0325,0000
0020,0325,0000
0021,0325,0000
0022,0325,0000
0023,0325,0000
0024,0325,0000
0025,0325,0000
0026,0325,0000
0027,0325,0000
0028,0325,0000
0029,0325,0000
0030,0325,0000
0031,0325,0000
0032,0325,0000
0033,0325,0000
0034,0325,0000
0035,0325,0000
0036,0325,0000
0037,0325,0000
0038,0325,0000
0039,0324,0000
0040,0325,0000
0041,0325,0000
0042,0324,0000
0043,0324,0000
0044,0324,0000
0045,0324,0000
0046,0324,0000
0047,0324,0000
0048,0324,0000
0049,0324,0000
0050,0324,0000
0051,0324,0000
0052,0324,0000
0053,0324,0000
0054,0324,0000
0055,0324,0000
0056,0324,0000
0057,0324,0000
0058,0324,0000
0059,0324,0000
0060,0324,0000
0061,0324,0000
0062,0324,0000
0063,0324,0000
0064,0324,0000
0065,0324,0000
0066,0324,0000
0067,0324,0000
0068,0324,0000
0069,0324,0000
0070,0324,0000
0071,0324,0000
0072,0324,0000
0073,0324,0000
0074,0324,0000
0075,0324,0000
0076,0324,0000
0077,0324,0000
0078,0324,0000
0079,0324,0000
0080,0324,0000
0081,0324,0000
0082,0324,0000
0083,0324,0000
0084,0324,0000
0085,0324,0000
0086,0324,0000
0087,0324,0000
0088,0324,0000
0089,0324,0000
0090,0324,0000
0091,0324,0000
0092,0324,0000
0093,0323,0000
0094,0324,0000
0095,0324,0000
0096,0324,0000
0097,0324,0000
0098,0324,0000
0099,0323,0000
0100,0323,0000
0101,0323,0000
0102,0323,0000
0103,0323,0000
0104,0323,0000
0105,0323,0000
0106,0323,0000
0107,0323,0000
0108,0323,0000
0109,0323,0000
0110,0323,0000
0111,0323,0000
0112,0323,0000
0113,0323,0000
0114,0323,0000
0115,0323,0000
0116,0323,0000
0117,0323,0000
0118,0323,0000
0119,0323,0000
0120,0323,0000
0121,0323,0000
0122,0323,0000
0123,0323,0000
0124,0323,0000
0125,0323,0000
0126,0323,0000
0127,0323,0000
0128,0323,0000
0129,0323,0000
0130,0323,0000
0131,0323,0000
0132,0323,0000
0133,0323,0000
0134,0323,0000
0135,0323,0000
0136,0323,0000
0137,0323,0000
0138,0323,0000
0139,0322,0000
0140,0323,0000
0141,0323,0000
0142,0322,0000
0143,0322,0000
0144,0322,0000
0145,0322,0000
0146,0322,0000
0147,0322,0000
0148,0322,0000
0149,0322,0000
0150,0322,0000
0151,0322,0000
0152,0322,0000
0153,0322,0000
0154,0322,0000
0155,0322,0000
0156,0322,0000
0157,0322,0000
0158,0322,0000
0159,0322,0000
0160,0322,0000
0161,0322,0000
0162,0322,0000
0163,0322,0000
0164,0322,0000
0165,0322,0000
0166,0322,0000
0167,0322,0000
0168,0322,0000
0169,0322,0000
0170,0322,0000
0171,0322,0000
0172,0322,0000
0173,0322,0000
0174,0322,0000
0175,0322,0000
0176,0322,0000
0177,0322,0000
0178,0321,0000
0179,0321,0000
0180,0321,0000
0181,0321,0000
0182,0321,0000
0183,0321,0000
0184,0321,0000
0185,0321,0000
0186,0321,0000
0187,0321,0000
0188,0321,0000
0189,0321,0000
0190,0321,0000
0191,0321,0000
0192,0321,0000
0193,0321,0000
0194,0321,0000
0195,0321,0000
0196,0321,0000
0197,0321,0000
0198,0321,0000
0199,0321,0000
0200,0321,0000
0201,0321,0000
0202,0321,0000
0203,0321,0000
0204,0321,0000
0205,0321,0000
0206,0321,0000
0207,0321,0000
0208,0321,0000
0209,0321,0000
0210,0321,0000
0211,0321,0000
0212,0321,0000
0213,0321,0000
0214,0321,0000
0215,0321,0000
0216,0321,0000
0217,0321,0000
0218,0320,0000
0219,0320,0000
0220,0320,0000
0221,0320,0000
0222,0320,0000
0223,0320,0000
0224,0320,0000
0225,0320,0000
0226,0320,0000
0227,0320,0000
0228,0320,0000
0229,0320,0000
0230,0320,0000
0231,0320,0000
0232,0320,0000
0233,0320,0000
0234,0320,0000
0235,0320,0000
0236,0320,0000
0237,0320,0000
0238,0320,0000
0239,0320,0000
0240,0320,0000
0241,0320,0000
0242,0320,0000
0243,0320,0000
0244,0320,0000
0245,0320,0000
0246,0320,0000
0247,0320,0000
0248,0320,0000
0249,0320,0000
0250,0320,0000
0251,0319,0000
0252,0320,0000
0253,0320,0000
0254,0320,0000
0255,0320,0000
0256,0319,0000
0257,0319,0000
0258,0319,0000
0259,0319,0000
0260,0319,0000
0261,0319,0000
0262,0319,0000
0263,0319,0000
0264,0319,0000
0265,0319,0000
0266,0319,0000
0267,0319,0000
0268,0319,0000
0269,0319,0000
0270,0319,0000
0271,0319,0000
0272,0319,0000
0273,0319,0000
0274,0319,0000
0275,0319,0000
0276,0319,0000
0277,0319,0000
0278,0319,0000
0279,0319,0000
0280,0319,0000
0281,0319,0000
0282,0319,0000
0283,0318,0000
0284,0319,0000
0285,0318,0000
0286,0318,0000
0287,0318,0000
0288,0318,0000
0289,0318,0000
0290,0318,0000
0291,0318,0000
0292,0318,0000
0293,0318,0000
0294,0318,0000
0295,0318,0000
0296,0318,0000
0297,0318,0000
0298,0318,0000
0299,0318,0000
0300,0318,0000
0301,0318,0000
0302,0318,0000
0303,0318,0000
0304,0318,0000
0305,0318,0000
0306,0318,0000
0307,0318,0000
0308,0318,0000
0309,0318,0000
0310,0318,0000
0311,0318,0000
0312,0318,0000
0313,0318,0000
0314,0318,0000
0315,0318,0000
0316,0318,0000
0317,0318,0000
0318,0318,0000
0319,0318,0000
0320,0318,0000
0321,0317,0000
0322,0318,0000
0323,0317,0000
0324,0317,0000
0325,0317,0000
0326,0317,0000
0327,0317,0000
0328,0317,0000
0329,0317,0000
0330,0317,0000
0331,0317,0000
0332,0317,0000
0333,0317,0000
0334,0317,0000
0335,0317,0000
0336,0317,0000
0337,0317,0000
0338,0317,0000
0339,0317,0000
0340,0317,0000
0341,0317,0000
0342,0317,0000
0343,0317,0000
0344,0317,0000
0345,0317,0000
0346,0317,0000
0347,0317,0000
0348,0317,0000
0349,0317,0000
0350,0317,0000
0351,0317,0000
0352,0317,0000
0353,0317,0000
0354,0316,0000
0355,0317,0000
0356,0317,0000
0357,0316,0000
0358,0316,0000
0359,0316,0000
0360,0316,0000
0361,0317,0000
0362,0316,0000
0363,0316,0000
0364,0316,0000
0365,0316,0000
0366,0316,0000
0367,0316,0000
0368,0316,0000
0369,0316,0000
0370,0316,0000
0371,0316,0000
0372,0316,0000
0373,0316,0000
0374,0316,0000
0375,0316,0000
0376,0316,0000
0377,0316,0000
0378,0316,0000
0379,0316,0000
0380,0316,0000
0381,0316,0000
0382,0316,0000
0383,0316,0000
0384,0316,0000
0385,0316,0000
0386,0316,0000
0387,0316,0000
0388,0316,0000
0389,0316,0000
0390,0316,0000
0391,0316,0000
0392,0316,0000
0393,0316,0000
0394,0316,0000
0395,0316,0000
0396,0316,0000
0397,0316,0000
0398,0316,0000
0399,0316,0000
0400,0316,0000
0401,0316,0000
0402,0316,0000
0403,0316,0000
0404,0316,0000
0405,0316,0000
0406,0315,0000
0407,0315,0000
0408,0316,0000
0409,0315,0000
0410,0315,0000
0411,0315,0000
0412,0315,0000
0413,0315,0000
0414,0315,0000
0415,0315,0000
0416,0315,0000
0417,0315,0000
0418,0315,0000
0419,0315,0000
0420,0315,0000
0421,0315,0000
0422,0315,0000
0423,0315,0000
0424,0315,0000
0425,0315,0000
0426,0315,0000
0427,0315,0000
0428,0315,0000
0429,0315,0000
0430,0315,0000
0431,0244,0000
0432,0089,0000
0433,0018,0000
End
@
99999999,